# Matter power spectrum P(k) at redshift z=0
# for k=1.04206e-05 to 1.08688 h/Mpc,
# number of wavenumbers equal to 603
#    1:k (h/Mpc)              2:P (Mpc/h)^3        
       1.042057218184e-05       4.833539758240e+01 
       2.326967376526e-05       1.050303466615e+02 
       3.616372963947e-05       1.608013372177e+02 
       4.913726058908e-05       2.162205340992e+02 
       6.222535549630e-05       2.716175830276e+02 
       7.546398267914e-05       3.272419921034e+02 
       8.889031113686e-05       3.833087154953e+02 
       1.025430459556e-04       4.400168567661e+02 
       1.164627821606e-04       4.975594260353e+02 
       1.306923813332e-04       5.561290685342e+02 
       1.452773753209e-04       6.159222389017e+02 
       1.602664013077e-04       6.771424400392e+02 
       1.757116723447e-04       7.400030108370e+02 
       1.916694870808e-04       8.047296163271e+02 
       2.082007817954e-04       8.715627803636e+02 
       2.253717267954e-04       9.407603072954e+02 
       2.432543676180e-04       1.012599751469e+03 
       2.619273090887e-04       1.087380893299e+03 
       2.814764368350e-04       1.165428302648e+03 
       3.019956660435e-04       1.247093762006e+03 
       3.235877006993e-04       1.332758765180e+03 
       3.463647778621e-04       1.422836584333e+03 
       3.704493603543e-04       1.517774143247e+03 
       3.959747272868e-04       1.618053281200e+03 
       4.230853951560e-04       1.724191216832e+03 
       4.519372832768e-04       1.836739528287e+03 
       4.826975173611e-04       1.956282110962e+03 
       5.155437465279e-04       2.083430421843e+03 
       5.506628358540e-04       2.218816648484e+03 
       5.882487943983e-04       2.363083651440e+03 
       6.284998145830e-04       2.516871550769e+03 
       6.716143406905e-04       2.680800715414e+03 
       7.177861584853e-04       2.855451210368e+03 
       7.671986067553e-04       3.041339816041e+03 
       8.200181490390e-04       3.238894898344e+03 
       8.763876930455e-04       3.448431446369e+03 
       9.364201778720e-04       3.670127850653e+03 
       1.000193029296e-03       3.904007870741e+03 
       1.067744077653e-03       4.149928466526e+03 
       1.139069422528e-03       4.407576164514e+03 
       1.214123521084e-03       4.676473138321e+03 
       1.292821508324e-03       4.955991103941e+03 
       1.375043484184e-03       5.245351853306e+03 
       1.460640282666e-03       5.543695549677e+03 
       1.549440114178e-03       5.850117093492e+03 
       1.641255457310e-03       6.163647800165e+03 
       1.735889655132e-03       6.483306625446e+03 
       1.833142809841e-03       6.808122557753e+03 
       1.932816729317e-03       7.137154458687e+03 
       2.034718827560e-03       7.469505426440e+03 
       2.138664998307e-03       7.804333408346e+03 
       2.244481560134e-03       8.140857891797e+03 
       2.352006414304e-03       8.478361775114e+03 
       2.461089570942e-03       8.816193076153e+03 
       2.571593193781e-03       9.153762971060e+03 
       2.683391296900e-03       9.490542864466e+03 
       2.796369204942e-03       9.826060662004e+03 
       2.910422865544e-03       1.015989714855e+04 
       3.025458081673e-03       1.049168128565e+04 
       3.141389713497e-03       1.082108564353e+04 
       3.258140884718e-03       1.114782246013e+04 
       3.375642216713e-03       1.147164003114e+04 
       3.493831105161e-03       1.179231771367e+04 
       3.612651047396e-03       1.210966427142e+04 
       3.732051024208e-03       1.242351341391e+04 
       3.851984936650e-03       1.273372188702e+04 
       3.972411096403e-03       1.304016625809e+04 
       4.093291766891e-03       1.334274144020e+04 
       4.214592751694e-03       1.364135797240e+04 
       4.336283026372e-03       1.393594055394e+04 
       4.458334409815e-03       1.422642637262e+04 
       4.580721271248e-03       1.451276358840e+04 
       4.703420269259e-03       1.479490501537e+04 
       4.826410119451e-03       1.507277533540e+04 
       4.949671387590e-03       1.534645012768e+04 
       5.073186305432e-03       1.561582727908e+04 
       5.196938606661e-03       1.588091528520e+04 
       5.320913380673e-03       1.614174237233e+04 
       5.445096942154e-03       1.639830864668e+04 
       5.569476714656e-03       1.665055735934e+04 
       5.694041126572e-03       1.689775768966e+04 
       5.818779518084e-03       1.714141825730e+04 
       5.943682057842e-03       1.738079431074e+04 
       6.068739668277e-03       1.761586076676e+04 
       6.193943958564e-03       1.784675745686e+04 
       6.319287164388e-03       1.807358701921e+04 
       6.444762093754e-03       1.829638699179e+04 
       6.570362078173e-03       1.851449120062e+04 
       6.696080928642e-03       1.872853023142e+04 
       6.821912895890e-03       1.893838625489e+04 
       6.947852634446e-03       1.914422443987e+04 
       7.073895170104e-03       1.934599171316e+04 
       7.200035870447e-03       1.954366546282e+04 
       7.326270418095e-03       1.973732700141e+04 
       7.452594786405e-03       1.992684877773e+04 
       7.579005217378e-03       2.011261369674e+04 
       7.705498201531e-03       2.029495324904e+04 
       7.832070459557e-03       2.047287145653e+04 
       7.958718925593e-03       2.064692374538e+04 
       8.085440731924e-03       2.081716023204e+04 
       8.212233195007e-03       2.098366723365e+04 
       8.339093802667e-03       2.114641374369e+04 
       8.466020202373e-03       2.130545298813e+04 
       8.593010190477e-03       2.146082371287e+04 
       8.720061702340e-03       2.161256987600e+04 
       8.847172803251e-03       2.176072503644e+04 
       8.974341680084e-03       2.190529010755e+04 
       9.101566633608e-03       2.204637084744e+04 
       9.228846071407e-03       2.218397650688e+04 
       9.356178501349e-03       2.231813005659e+04 
       9.483562525558e-03       2.244889596660e+04 
       9.610996834852e-03       2.257629919820e+04 
       9.738480203593e-03       2.270041120762e+04 
       9.866011484932e-03       2.282112795557e+04 
       9.993589606404e-03       2.293870634949e+04 
       1.012121356585e-02       2.305292410778e+04 
       1.024888242764e-02       2.316401317238e+04 
       1.037659531916e-02       2.327203457466e+04 
       1.050435142758e-02       2.337685651387e+04 
       1.063214999681e-02       2.347853572733e+04 
       1.075999032471e-02       2.357730029910e+04 
       1.088787176051e-02       2.367291642633e+04 
       1.101579370235e-02       2.376560646945e+04 
       1.114375559508e-02       2.385535952933e+04 
       1.127175692811e-02       2.394220208955e+04 
       1.139979723352e-02       2.402615638353e+04 
       1.152787608424e-02       2.410726311691e+04 
       1.165599309233e-02       2.418556162281e+04 
       1.178414790747e-02       2.426108624469e+04 
       1.191234021548e-02       2.433385418986e+04 
       1.204056973694e-02       2.440397813200e+04 
       1.216883622598e-02       2.447121682542e+04 
       1.229713946909e-02       2.453593496993e+04 
       1.242547928400e-02       2.459799631819e+04 
       1.255385551873e-02       2.465749365149e+04 
       1.268226805060e-02       2.471441796389e+04 
       1.281071678538e-02       2.476892180106e+04 
       1.293920165651e-02       2.482073655624e+04 
       1.306772262429e-02       2.487018137407e+04 
       1.319627967526e-02       2.491717477250e+04 
       1.332487282152e-02       2.496189389351e+04 
       1.345350210015e-02       2.500412284777e+04 
       1.358216757269e-02       2.504404837076e+04 
       1.371086932460e-02       2.508156960357e+04 
       1.383960746488e-02       2.511691346733e+04 
       1.396838212557e-02       2.514999658046e+04 
       1.409719346145e-02       2.518089251913e+04 
       1.422604164965e-02       2.520961172965e+04 
       1.435492688938e-02       2.523621196166e+04 
       1.448384940161e-02       2.526066605141e+04 
       1.461280942891e-02       2.528299592505e+04 
       1.474180723514e-02       2.530321612821e+04 
       1.487084310533e-02       2.532152651417e+04 
       1.499991734553e-02       2.533772786891e+04 
       1.512903028262e-02       2.535207575896e+04 
       1.525818226427e-02       2.536429600474e+04 
       1.538737365882e-02       2.537468912689e+04 
       1.551660485524e-02       2.538317936386e+04 
       1.564587626308e-02       2.538975693479e+04 
       1.577518831247e-02       2.539451812390e+04 
       1.590454145413e-02       2.539746550149e+04 
       1.603393615938e-02       2.539871446054e+04 
       1.616337292021e-02       2.539800078981e+04 
       1.629285224932e-02       2.539569699523e+04 
       1.642237468024e-02       2.539163013527e+04 
       1.655194076742e-02       2.538592785366e+04 
       1.668155108635e-02       2.537848030400e+04 
       1.681120623368e-02       2.536939651702e+04 
       1.694090682744e-02       2.535874053670e+04 
       1.707065350717e-02       2.534652322076e+04 
       1.720044693410e-02       2.533280126342e+04 
       1.733028779142e-02       2.531738321306e+04 
       1.746017678444e-02       2.530055277052e+04 
       1.759011464089e-02       2.528222563577e+04 
       1.772010211114e-02       2.526239678463e+04 
       1.785013996851e-02       2.524038535239e+04 
       1.798022900954e-02       2.521783739963e+04 
       1.811037005432e-02       2.519455142256e+04 
       1.824056394678e-02       2.516901417901e+04 
       1.837081155511e-02       2.514154449275e+04 
       1.850111377203e-02       2.511368647967e+04 
       1.863147151523e-02       2.508488282579e+04 
       1.876188572773e-02       2.505425427439e+04 
       1.889235737834e-02       2.502174587161e+04 
       1.902288746202e-02       2.498904780173e+04 
       1.915347700039e-02       2.495477353026e+04 
       1.928412704214e-02       2.491828441000e+04 
       1.941483866358e-02       2.488133861781e+04 
       1.954561296905e-02       2.484468526368e+04 
       1.967645109154e-02       2.480560289515e+04 
       1.980735419314e-02       2.476542243556e+04 
       1.993832346565e-02       2.472425417926e+04 
       2.006936013115e-02       2.468145607625e+04 
       2.020046544259e-02       2.463794726885e+04 
       2.033164068438e-02       2.459456348137e+04 
       2.046288717307e-02       2.454924975078e+04 
       2.059420625801e-02       2.450284534937e+04 
       2.072559932200e-02       2.445463822970e+04 
       2.085706778199e-02       2.440666107074e+04 
       2.098861308985e-02       2.435825228514e+04 
       2.112023673309e-02       2.430748819149e+04 
       2.125194023562e-02       2.425636136655e+04 
       2.138372515859e-02       2.420461890962e+04 
       2.151559310117e-02       2.415197559470e+04 
       2.164754570143e-02       2.409853805315e+04 
       2.177958463719e-02       2.404439160494e+04 
       2.191171162697e-02       2.398930933060e+04 
       2.204392843087e-02       2.393341269787e+04 
       2.217623685155e-02       2.387669815363e+04 
       2.230863873524e-02       2.381946313072e+04 
       2.244113597274e-02       2.376132740581e+04 
       2.257373050049e-02       2.370247748568e+04 
       2.270642430165e-02       2.364308592655e+04 
       2.283921940721e-02       2.358337084215e+04 
       2.297211789718e-02       2.352214246426e+04 
       2.310512190176e-02       2.346139476030e+04 
       2.323823360255e-02       2.339927073840e+04 
       2.337145523388e-02       2.333603537653e+04 
       2.350478908406e-02       2.327254233268e+04 
       2.363823749676e-02       2.320889647855e+04 
       2.377180287240e-02       2.314429178203e+04 
       2.390548766959e-02       2.307928231890e+04 
       2.403929440661e-02       2.301377791907e+04 
       2.417322566294e-02       2.294787273014e+04 
       2.430728408084e-02       2.288138921927e+04 
       2.444147236701e-02       2.281501124673e+04 
       2.457579329423e-02       2.274676914307e+04 
       2.471024970313e-02       2.267881416196e+04 
       2.484484450399e-02       2.261038712428e+04 
       2.497958067857e-02       2.254175277115e+04 
       2.511446128206e-02       2.247232875664e+04 
       2.524948944505e-02       2.240265396618e+04 
       2.538466837555e-02       2.233289086120e+04 
       2.552000136116e-02       2.226237017394e+04 
       2.565549177122e-02       2.219151581377e+04 
       2.579114305907e-02       2.212023968596e+04 
       2.592695876443e-02       2.204872232706e+04 
       2.606294251575e-02       2.197680167042e+04 
       2.619909803281e-02       2.190474175732e+04 
       2.633542912920e-02       2.183220381656e+04 
       2.647193971510e-02       2.175944869133e+04 
       2.660863380001e-02       2.168646608768e+04 
       2.674551549560e-02       2.161313093470e+04 
       2.688258901875e-02       2.153995878538e+04 
       2.701985869458e-02       2.146574107969e+04 
       2.715732895967e-02       2.139203530897e+04 
       2.729500436536e-02       2.131772594035e+04 
       2.743288958121e-02       2.124291426588e+04 
       2.757098939851e-02       2.116874828783e+04 
       2.770930873403e-02       2.109329858881e+04 
       2.784785263379e-02       2.101836326863e+04 
       2.798662627710e-02       2.094299497879e+04 
       2.812563498062e-02       2.086749681775e+04 
       2.826488420269e-02       2.079191296640e+04 
       2.840437954777e-02       2.071615762161e+04 
       2.854412677105e-02       2.064031453732e+04 
       2.868413178324e-02       2.056429416999e+04 
       2.882440065559e-02       2.048812491271e+04 
       2.896493962509e-02       2.041192455033e+04 
       2.910575509982e-02       2.033557470971e+04 
       2.924685366459e-02       2.025911387608e+04 
       2.938824208682e-02       2.018288411173e+04 
       2.952992732256e-02       2.010595222840e+04 
       2.967191652288e-02       2.002962218698e+04 
       2.981421704044e-02       1.995250316639e+04 
       2.995683643638e-02       1.987573869325e+04 
       3.009978248751e-02       1.979885922593e+04 
       3.024306319376e-02       1.972196515858e+04 
       3.038668678596e-02       1.964536113101e+04 
       3.053066173407e-02       1.956833920179e+04 
       3.067499675555e-02       1.949105910435e+04 
       3.081970082437e-02       1.941409706422e+04 
       3.096478318017e-02       1.933708922064e+04 
       3.111025333801e-02       1.926036892912e+04 
       3.125612109848e-02       1.918343658968e+04 
       3.140239655831e-02       1.910635637442e+04 
       3.154909012145e-02       1.902913001009e+04 
       3.169621251066e-02       1.895215071688e+04 
       3.184377477972e-02       1.887521186376e+04 
       3.199178832607e-02       1.879842254799e+04 
       3.214026490428e-02       1.872145147967e+04 
       3.228921663992e-02       1.864477167871e+04 
       3.243865604434e-02       1.856801333044e+04 
       3.258859603005e-02       1.849125770592e+04 
       3.273904992689e-02       1.841449612512e+04 
       3.289003149904e-02       1.833781352018e+04 
       3.304155496290e-02       1.826141635273e+04 
       3.319363500587e-02       1.818493379508e+04 
       3.334628680615e-02       1.810845410043e+04 
       3.349952605351e-02       1.803194474118e+04 
       3.365336897123e-02       1.795565317388e+04 
       3.380783233924e-02       1.787947206107e+04 
       3.396293351842e-02       1.780356202002e+04 
       3.411869047632e-02       1.772757822906e+04 
       3.427512181429e-02       1.765149176327e+04 
       3.443224679612e-02       1.757566970701e+04 
       3.459008537834e-02       1.750006765898e+04 
       3.474865824219e-02       1.742424148923e+04 
       3.490798682753e-02       1.734870796389e+04 
       3.506809336870e-02       1.727337627385e+04 
       3.522900093249e-02       1.719800803983e+04 
       3.539073345847e-02       1.712278896999e+04 
       3.555331580170e-02       1.704767397132e+04 
       3.571677377809e-02       1.697266274351e+04 
       3.588113421261e-02       1.689770811566e+04 
       3.604642499053e-02       1.682297376160e+04 
       3.621267511193e-02       1.674833910639e+04 
       3.637991474971e-02       1.667390481946e+04 
       3.654817531147e-02       1.659928105409e+04 
       3.671748950543e-02       1.652499696179e+04 
       3.688789141083e-02       1.645080901960e+04 
       3.705941655307e-02       1.637660010886e+04 
       3.723210198406e-02       1.630272444768e+04 
       3.740598636826e-02       1.622864140908e+04 
       3.758111007467e-02       1.615490560286e+04 
       3.775751527557e-02       1.608134145396e+04 
       3.793524605239e-02       1.600756660837e+04 
       3.811434850942e-02       1.593419536195e+04 
       3.829487089601e-02       1.586082683340e+04 
       3.847686373817e-02       1.578765948672e+04 
       3.866037998018e-02       1.571446647172e+04 
       3.884547513741e-02       1.564155235190e+04 
       3.903220746125e-02       1.556851314017e+04 
       3.922063811735e-02       1.549549182579e+04 
       3.941083137848e-02       1.542280698109e+04 
       3.960285483347e-02       1.535010582929e+04 
       3.979677961385e-02       1.527761080203e+04 
       3.999268063992e-02       1.520510289994e+04 
       4.019063688841e-02       1.513250118160e+04 
       4.039073168387e-02       1.506021388957e+04 
       4.059305301647e-02       1.498779613042e+04 
       4.079769388898e-02       1.491528570148e+04 
       4.100475269625e-02       1.484306438696e+04 
       4.121433364085e-02       1.477099471200e+04 
       4.142654718896e-02       1.469888875390e+04 
       4.164151057140e-02       1.462683229541e+04 
       4.185934833496e-02       1.455484967825e+04 
       4.208019295036e-02       1.448262475985e+04 
       4.230418548374e-02       1.441061624573e+04 
       4.253147633962e-02       1.433848464028e+04 
       4.276222608483e-02       1.426661573602e+04 
       4.299660636367e-02       1.419433162934e+04 
       4.323480091682e-02       1.412247337388e+04 
       4.347700671806e-02       1.405003124333e+04 
       4.372343524518e-02       1.397779381263e+04 
       4.397431390448e-02       1.390547322808e+04 
       4.422988763089e-02       1.383305926257e+04 
       4.449042069018e-02       1.376059064645e+04 
       4.475619871389e-02       1.368816381336e+04 
       4.502753100316e-02       1.361517165216e+04 
       4.530475314452e-02       1.354223255804e+04 
       4.558822998839e-02       1.346928069688e+04 
       4.587835905095e-02       1.339596662260e+04 
       4.617557441178e-02       1.332238600491e+04 
       4.648035119433e-02       1.324877171682e+04 
       4.679321073392e-02       1.317459745493e+04 
       4.711472656005e-02       1.310006920371e+04 
       4.744553134698e-02       1.302545671110e+04 
       4.778632502054e-02       1.295021266977e+04 
       4.813788425116e-02       1.287417649500e+04 
       4.850107361655e-02       1.279833122859e+04 
       4.887685878402e-02       1.272132016661e+04 
       4.926632214694e-02       1.264395867867e+04 
       4.967068145708e-02       1.256586484684e+04 
       5.009131213056e-02       1.248708832009e+04 
       5.052977407883e-02       1.240735964756e+04 
       5.098784413724e-02       1.232650640079e+04 
       5.146755544534e-02       1.224496543865e+04 
       5.197124549055e-02       1.216212035799e+04 
       5.250161497621e-02       1.207750355180e+04 
       5.306180023218e-02       1.199145779008e+04 
       5.365546255873e-02       1.190344966556e+04 
       5.428689866772e-02       1.181283156722e+04 
       5.496117719219e-02       1.171975002597e+04 
       5.568430689769e-02       1.162339563271e+04 
       5.646344233542e-02       1.152331232394e+04 
       5.730713136578e-02       1.141851047188e+04 
       5.822560453326e-02       1.130801034356e+04 
       5.923109544698e-02       1.119030884718e+04 
       6.033815839016e-02       1.106246681230e+04 
       6.156390527455e-02       1.092364181288e+04 
       6.292800732254e-02       1.076884190257e+04 
       6.445219155408e-02       1.059328394092e+04 
       6.615883327769e-02       1.039199472863e+04 
       6.806821224457e-02       1.015655393752e+04 
       7.019430482567e-02       9.879602226826e+03 
       7.253989462844e-02       9.554443004043e+03 
       7.509308705192e-02       9.178727151103e+03 
       7.782775879871e-02       8.754800338002e+03 
       8.070866713362e-02       8.292629805443e+03 
       8.369884604109e-02       7.809069537354e+03 
       8.676568184488e-02       7.322929730955e+03 
       8.988376581304e-02       6.853576026016e+03 
       9.303495943966e-02       6.416887501747e+03 
       9.620705842740e-02       6.024561336404e+03 
       9.939216321292e-02       5.683341871237e+03 
       1.025852852376e-01       5.394996967044e+03 
       1.057833224524e-01       5.157125711225e+03 
       1.089843641294e-01       4.964080374585e+03 
       1.121872400955e-01       4.807491866775e+03 
       1.153912361437e-01       4.678225130477e+03 
       1.185959171906e-01       4.566232529113e+03 
       1.218010184281e-01       4.461699689843e+03 
       1.250063787094e-01       4.356439860151e+03 
       1.282118999228e-01       4.243652070953e+03 
       1.314175222652e-01       4.118995879700e+03 
       1.346232092115e-01       3.981300859705e+03 
       1.378289383842e-01       3.831291526974e+03 
       1.410346960084e-01       3.671595609844e+03 
       1.442404735453e-01       3.506677941037e+03 
       1.474462656477e-01       3.341416902648e+03 
       1.506520689183e-01       3.181100619426e+03 
       1.538578811551e-01       3.030106347607e+03 
       1.570637008918e-01       2.891891747169e+03 
       1.602695271191e-01       2.768804782068e+03 
       1.634753591134e-01       2.661788948794e+03 
       1.666811963334e-01       2.570643943569e+03 
       1.698870383553e-01       2.493921048224e+03 
       1.730928848337e-01       2.429656242669e+03 
       1.762987354770e-01       2.374957133294e+03 
       1.795045900319e-01       2.326960047465e+03 
       1.827104482736e-01       2.282745207073e+03 
       1.859163099992e-01       2.239696382181e+03 
       1.891221750238e-01       2.194838347046e+03 
       1.923280431773e-01       2.146807441094e+03 
       1.955339143021e-01       2.094509419750e+03 
       1.987397882518e-01       2.037902668991e+03 
       2.019456648901e-01       1.977430254894e+03 
       2.051515440893e-01       1.914040970851e+03 
       2.083574257300e-01       1.849319058967e+03 
       2.115633097003e-01       1.784803994704e+03 
       2.147691958948e-01       1.722211907133e+03 
       2.179750842147e-01       1.662930547264e+03 
       2.211809745669e-01       1.607850115692e+03 
       2.243868668636e-01       1.557811939357e+03 
       2.275927610220e-01       1.512763993536e+03 
       2.307986569640e-01       1.472805047789e+03 
       2.340045546158e-01       1.437376052620e+03 
       2.372104539076e-01       1.406050240519e+03 
       2.404163547734e-01       1.378099322042e+03 
       2.436222571506e-01       1.352470309779e+03 
       2.468281609800e-01       1.328302299053e+03 
       2.500340662053e-01       1.304692283114e+03 
       2.532399727731e-01       1.280775678526e+03 
       2.564458806329e-01       1.256019116987e+03 
       2.596517897365e-01       1.230166029342e+03 
       2.628577000381e-01       1.203097855617e+03 
       2.660636114941e-01       1.175030394900e+03 
       2.692695240630e-01       1.146226741752e+03 
       2.724754377054e-01       1.117085685452e+03 
       2.756813523836e-01       1.087974504026e+03 
       2.788872680616e-01       1.059373543208e+03 
       2.820931847051e-01       1.031821487049e+03 
       2.852991022815e-01       1.005669608994e+03 
       2.885050207595e-01       9.811647797584e+02 
       2.917109401091e-01       9.585235168265e+02 
       2.949168603018e-01       9.377043537889e+02 
       2.981227813103e-01       9.186003827594e+02 
       3.013287031084e-01       9.009311220057e+02 
       3.045346256710e-01       8.844611351795e+02 
       3.077405489740e-01       8.689328780751e+02 
       3.109464729946e-01       8.540801886321e+02 
       3.141523977105e-01       8.395507684443e+02 
       3.173583231007e-01       8.252208172412e+02 
       3.205642491447e-01       8.108792316406e+02 
       3.237701758231e-01       7.962846097561e+02 
       3.269761031172e-01       7.814990275303e+02 
       3.301820310088e-01       7.664209229068e+02 
       3.333879594807e-01       7.512234260143e+02 
       3.365938885162e-01       7.360054773786e+02 
       3.397998180993e-01       7.209541697544e+02 
       3.430057482146e-01       7.061032692988e+02 
       3.462116788472e-01       6.916748500688e+02 
       3.494176099827e-01       6.777470570542e+02 
       3.526235416076e-01       6.643922203349e+02 
       3.558294737083e-01       6.516675676334e+02 
       3.590354062722e-01       6.395934112795e+02 
       3.622413392869e-01       6.281722113683e+02 
       3.654472727405e-01       6.173590332552e+02 
       3.686532066214e-01       6.070998703816e+02 
       3.718591409186e-01       5.972536163139e+02 
       3.750650756213e-01       5.877577555161e+02 
       3.782710107193e-01       5.784477743193e+02 
       3.814769462024e-01       5.693370729548e+02 
       3.846828820611e-01       5.602846231645e+02 
       3.878888182859e-01       5.513221128468e+02 
       3.910947548679e-01       5.423978926340e+02 
       3.943006917982e-01       5.335039065620e+02 
       3.975066290685e-01       5.246602200796e+02 
       4.007125666705e-01       5.158535464759e+02 
       4.039185045963e-01       5.071431885920e+02 
       4.071244428382e-01       4.985613718452e+02 
       4.103303813888e-01       4.901546645643e+02 
       4.135363202409e-01       4.819821506187e+02 
       4.167422593874e-01       4.740198422083e+02 
       4.199481988217e-01       4.663060469127e+02 
       4.231541385371e-01       4.588567694600e+02 
       4.263600785273e-01       4.516558517154e+02 
       4.295660187862e-01       4.446938935818e+02 
       4.327719593076e-01       4.379647511903e+02 
       4.359779000859e-01       4.314439488113e+02 
       4.391838411153e-01       4.251140732769e+02 
       4.423897823905e-01       4.189490376662e+02 
       4.455957239059e-01       4.129084683965e+02 
       4.488016656566e-01       4.069963578174e+02 
       4.520076076375e-01       4.011705599443e+02 
       4.552135498436e-01       3.954150410286e+02 
       4.584194922703e-01       3.897225575975e+02 
       4.616254349129e-01       3.840930329878e+02 
       4.648313777669e-01       3.785288813773e+02 
       4.680373208281e-01       3.730421027664e+02 
       4.712432640921e-01       3.676305388384e+02 
       4.744492075548e-01       3.623026075818e+02 
       4.776551512123e-01       3.570827065449e+02 
       4.808610950605e-01       3.519469040035e+02 
       4.840670390958e-01       3.469270992640e+02 
       4.872729833143e-01       3.420291899399e+02 
       4.904789277126e-01       3.372597046873e+02 
       4.936848722870e-01       3.326220529148e+02 
       4.968908170342e-01       3.281061341356e+02 
       5.000967619508e-01       3.237025644006e+02 
       5.033027070336e-01       3.193985183434e+02 
       5.065086522793e-01       3.151856488374e+02 
       5.097145976851e-01       3.110543270475e+02 
       5.129205432477e-01       3.069897428524e+02 
       5.161264889643e-01       3.030069697322e+02 
       5.193324348321e-01       2.990875842652e+02 
       5.225383808481e-01       2.952390050195e+02 
       5.257443270098e-01       2.914252686292e+02 
       5.289502733145e-01       2.876619658531e+02 
       5.321562197595e-01       2.839482785650e+02 
       5.353621663423e-01       2.802901800118e+02 
       5.385681130605e-01       2.766878814993e+02 
       5.417740599117e-01       2.731393300457e+02 
       5.449800068935e-01       2.696786848346e+02 
       5.481859540036e-01       2.662734265031e+02 
       5.513919012397e-01       2.629338411441e+02 
       5.545978485997e-01       2.596550553338e+02 
       5.578037960815e-01       2.564376274347e+02 
       5.610097436828e-01       2.532828838575e+02 
       5.642156914018e-01       2.501919721501e+02 
       5.674216392363e-01       2.471607500561e+02 
       5.706275871845e-01       2.441897604262e+02 
       5.738335352445e-01       2.412724593613e+02 
       5.770394834142e-01       2.384045333648e+02 
       5.802454316920e-01       2.355815236312e+02 
       5.834513800761e-01       2.328011788764e+02 
       5.866573285646e-01       2.300633244670e+02 
       5.898632771560e-01       2.273675490061e+02 
       5.930692258484e-01       2.247141889484e+02 
       5.962751746404e-01       2.221018200644e+02 
       5.994811235302e-01       2.195283140850e+02 
       6.026870725164e-01       2.169916089482e+02 
       6.058930215973e-01       2.144908724454e+02 
       6.090989707716e-01       2.120266688943e+02 
       6.123049200376e-01       2.096006758654e+02 
       6.155108693940e-01       2.072151516190e+02 
       6.187168188394e-01       2.048710534552e+02 
       6.219227683724e-01       2.025678864866e+02 
       6.251287179916e-01       2.003036574223e+02 
       6.283346676958e-01       1.980756251277e+02 
       6.315406174835e-01       1.958831541452e+02 
       6.347465673536e-01       1.937249344276e+02 
       6.379525173048e-01       1.916009922703e+02 
       6.411584673359e-01       1.895117927028e+02 
       6.443644174457e-01       1.874565743103e+02 
       6.475703676330e-01       1.854336849336e+02 
       6.507763178966e-01       1.834408189120e+02 
       6.539822682355e-01       1.814758514451e+02 
       6.571882186486e-01       1.795372323036e+02 
       6.603941691347e-01       1.776248046639e+02 
       6.636001196928e-01       1.757394941562e+02 
       6.668060703218e-01       1.738820910322e+02 
       6.700120210208e-01       1.720527653521e+02 
       6.732179717888e-01       1.702509239189e+02 
       6.764239226246e-01       1.684752580308e+02 
       6.796298735275e-01       1.667242163362e+02 
       6.828358244964e-01       1.649970778756e+02 
       6.860417755304e-01       1.632948662569e+02 
       6.892477266286e-01       1.616168921595e+02 
       6.924536777901e-01       1.599646306691e+02 
       6.956596290141e-01       1.583381730090e+02 
       6.988655802996e-01       1.567363490367e+02 
       7.020715316458e-01       1.551577139299e+02 
       7.052774830519e-01       1.536006362850e+02 
       7.084834345172e-01       1.520644199755e+02 
       7.116893860407e-01       1.505487753369e+02 
       7.148953376216e-01       1.490540748320e+02 
       7.181012892593e-01       1.475808963446e+02 
       7.213072409530e-01       1.461290566164e+02 
       7.245131927019e-01       1.446981277832e+02 
       7.277191445053e-01       1.432857774882e+02 
       7.309250963624e-01       1.418912988484e+02 
       7.341310482726e-01       1.405142617264e+02 
       7.373370002352e-01       1.391550143841e+02 
       7.405429522495e-01       1.378140251708e+02 
       7.437489043147e-01       1.364916698295e+02 
       7.469548564304e-01       1.351882014689e+02 
       7.501608085957e-01       1.339023315507e+02 
       7.533667608102e-01       1.326340300802e+02 
       8.234874393572e-01       1.086173782485e+02 
       9.251239436205e-01       8.340964666282e+01 
       1.086877444300e+00       5.758177019449e+01 
